0 0.00
1 0.00
2 0.00
3 0.00
4 0.00
5 0.00
6 0.00
7 0.00
8 0.00
9 0.00
10 0.00
11 0.00
12 0.00
13 0.00
14 0.00
15 0.00
16 0.00
17 0.00
18 0.00
19 0.00
20 0.00
21 0.00
22 0.00
23 0.00
24 0.00
25 0.00
26 0.00
27 0.00
28 0.00
29 0.00
30 0.00
31 0.00
32 0.00
33 0.00
34 0.00
35 0.00
36 0.00
37 0.00
38 0.00
39 0.00
40 0.00
41 0.00
42 0.00
43 0.00
44 0.00
45 0.00
46 0.00
47 0.01
48 0.01
49 0.01
50 0.01
51 0.01
52 0.02
53 0.02
54 0.02
55 0.03
56 0.04
57 0.04
58 0.05
59 0.06
60 0.08
61 0.09
62 0.11
63 0.13
64 0.15
65 0.17
66 0.20
67 0.24
68 0.27
69 0.31
70 0.36
71 0.41
72 0.47
73 0.53
74 0.59
75 0.66
76 0.74
77 0.82
78 0.91
79 1.00
80 1.09
81 1.19
82 1.29
83 1.40
84 1.51
85 1.61
86 1.72
87 1.83
88 1.93
89 2.03
90 2.13
91 2.22
92 2.31
93 2.39
94 2.46
95 2.52
96 2.57
97 2.61
98 2.64
99 2.65
100 2.66
101 2.65
102 2.64
103 2.61
104 2.57
105 2.52
106 2.46
107 2.39
108 2.31
109 2.22
110 2.13
111 2.03
112 1.93
113 1.83
114 1.72
115 1.61
116 1.51
117 1.40
118 1.29
119 1.19
120 1.09
121 1.00
122 0.91
123 0.82
124 0.74
125 0.66
126 0.59
127 0.53
128 0.47
129 0.41
130 0.36
131 0.31
132 0.27
133 0.24
134 0.20
135 0.17
136 0.15
137 0.13
138 0.11
139 0.09
140 0.08
141 0.06
142 0.05
143 0.04
144 0.04
145 0.03
146 0.02
147 0.02
148 0.02
149 0.01
150 0.01
151 0.01
152 0.01
153 0.01
154 0.00
155 0.00
156 0.00
157 0.00
158 0.00
159 0.00
160 0.00
161 0.00
162 0.00
163 0.00
164 0.00
165 0.00
166 0.00
167 0.00
168 0.00
169 0.00
170 0.00
171 0.00
172 0.00
173 0.00
174 0.00
175 0.00
176 0.00
177 0.00
178 0.00
179 0.00
180 0.00
181 0.00
182 0.00
183 0.00
184 0.00
185 0.00
186 0.00
187 0.00
188 0.00
189 0.00
190 0.00
191 0.00
192 0.00
193 0.00
194 0.00
195 0.00
196 0.00
197 0.00
198 0.00
199 0.00
